NCP,179,1503,1,0,,
NCP,238,1621,1,0,,
NCP,309,1765,1,0,,
NCP,328,1805,1,0,,
NCP,816,2325,0,0,,
NCP,817,2326,1,0,,
NCP,819,2329,1,0,,
NCP,820,2330,1,0,,
NCP,821,2331,0,0,,
NCP,822,2332,0,0,,
NCP,822,2333,0,0,,
NCP,823,2334,1,0,,
NCP,824,2335,1,0,,
NCP,826,2339,1,0,,
NCP,827,2340,1,0,,
NCP,828,2341,1,0,,
NCP,829,2342,1,0,,
NCP,830,2343,1,0,,
NCP,831,2344,1,0,,
NCP,832,2345,0,0,,
NCP,833,2346,0,1,0-46;132;143;154;165;176;187;198;209;220;231;242;253;264;275;286;297;308;319;330;341;352;363;374;385;396;407;418;428-483,
NCP,835,2349,1,0,,
NCP,835,2350,1,0,,
NCP,836,2351,1,0,,
NCP,837,2352,1,0,,
NCP,838,2353,1,0,,
NCP,839,2354,1,1,0-16;24-25;36;47;58;69;80;91;102;113;120-208,
NCP,840,2355,1,0,,
NCP,841,2356,1,1,0-43;217-281,
NCP,842,2357,1,0,,
NCP,843,2358,1,1,0-42;44;50;61;72;83;94;105;116;127;138;149;160;171;180-287,
NCP,844,2359,1,1,0-407,
NCP,845,2360,0,0,,
NCP,845,2361,0,1,85-147,
NCP,845,2362,0,0,,
NCP,845,2363,0,1,0-47,
NCP,846,2364,1,0,,
NCP,847,2365,1,0,,16-52+0-15
NCP,848,2366,1,0,,
NCP,848,2367,1,0,,
NCP,849,2368,1,1,0-21;196-224,
NCP,850,2369,0,0,,
NCP,851,2370,1,0,,
NCP,852,2371,1,0,,30+41+43-46+0-29+31-40+42
NCP,852,2372,1,0,,30+41+43-46+0-29+31-40+42
NCP,853,2373,1,0,,
NCP,854,2374,1,1,0-36,
NCP,855,2375,1,0,,
NCP,856,2376,1,1,0-32,
NCP,856,2377,1,1,0-31,
NCP,857,2378,0,0,,
NCP,858,2379,0,0,,
NCP,862,2385,0,0,,10+21+27-32+0-9+11-20+22-26
NCP,865,2390,0,0,,20+28-33+0-19+21-27
NCP,865,2391,0,0,,160+171+182+189-259+0-159+161-170+172-181+183-188
NCP,867,2394,1,1,0-21,
NCP,868,2395,1,0,,
NCP,868,2396,1,0,,
NCP,869,2397,1,1,150,175-246+0-160
NCP,870,2399,1,0,,
NCP,870,2400,1,0,,43-46+0-42
NCP,872,2403,1,0,,115-182+0-114
NCP,872,2404,1,0,,45+0-44
NCP,873,2405,1,0,,
NCP,873,2406,1,0,,
NCP,874,2407,1,1,0-54,
NCP,875,2408,1,1,0-35,
NCP,876,2409,1,0,,
NCP,877,2411,1,0,,64+0-63
NCP,878,2412,0,0,,40+42-45+0-39+41
NCP,878,2413,0,0,,31-116+0-30
NCP,879,2414,1,0,,
NCP,880,2415,1,1,0-51,
NCP,881,2416,0,0,,
NCP,882,2417,1,0,,41+48-51+0-40+42-47
NCP,882,2418,1,0,,40+51+62+73+84+95+106+117+128+139+150+161+172+183+185-256+0-39+41-50+52-61+63-72+74-83+85-94+96-116+118-127+129-138+140-149+151-160+162-171+173-182+184
NCP,883,2419,0,0,,
NCP,883,2420,0,0,,
NCP,884,2421,1,0,,
NCP,885,2422,0,0,,
NCP,885,2423,0,0,,
NCP,886,2424,1,0,,
NCP,887,2425,0,0,,
NCP,889,2427,1,0,,
NCP,889,2428,1,1,0-38,
NCP,890,2429,1,1,0-33;40-55,56+67+78+89+100+110+119-202+57-66+68-77+79-88+90-99+101-109+111-118+34-39
NCP,891,2430,1,0,,
NCP,892,2431,1,0,,
NCP,893,2432,1,0,,
NCP,893,2433,1,0,,
NCP,894,2434,1,0,,
NCP,895,2435,1,0,,
NCP,895,2436,1,0,,
NCP,896,2437,0,0,,
NCP,897,2438,0,0,,
NCP,898,2439,0,0,,
NCP,899,2440,1,0,,
NCP,899,2441,1,0,,
NCP,900,2442,1,1,0-172;207;218;229;240;251;262;273;284;295;306;317;328;339;350;361;372;383;394;404-505,
NCP,901,2443,0,1,discard,
NCP,902,2444,0,0,,
NCP,903,2445,1,1,0-41,
NCP,905,2447,0,1,0;21-25,
NCP,906,2448,0,1,0-11;31-54,
NCP,907,2449,1,1,0-13;255-286,
NCP,909,2451,1,1,0-42;357-400,
NCP,910,2452,1,1,0;9;12;14;16;18;20;22;61;63;65;67;69;71-72,
NCP,911,2453,1,0,,
NCP,912,2454,0,1,0-47;49;51;53;55;57;59;61;63;66;68;70;72;74;76;78;80;82;84;86;88;90;92;94;96;98;100;102;104;106;108;110;112;187;198;209;220;231;242;253;264;275;286;297;316-372,
NCP,913,2455,1,1,71-208,209-267+0-70
NCP,915,2457,0,0,,29-30+0-28
NCP,918,2460,1,1,0-64,
NCP,920,2462,1,1,0-24,
NCP,921,2463,1,0,,
NCP,922,2464,0,1,236-239,
NCP,923,2465,1,0,,
NCP,924,2466,1,0,,
NCP,925,2467,1,0,,
NCP,926,2468,1,0,,
NCP,927,2469,1,0,,
NCP,928,2470,1,0,,
NCP,929,2471,1,0,,
NCP,930,2472,1,0,,
NCP,931,2473,1,0,,
NCP,932,2474,1,0,,
NCP,933,2475,1,0,,
NCP,936,2478,1,0,,
NCP,937,2479,1,0,,
NCP,938,2480,0,0,,
NCP,938,2481,1,0,,
NCP,939,2482,1,0,,
NCP,940,2483,0,0,,
NCP,941,2484,1,0,,
NCP,942,2485,1,1,42-44,
NCP,945,2488,1,1,42-44,
NCP,947,2490,1,0,,
NCP,948,2491,1,1,0-148;258-364,
NCP,949,2492,1,0,,
NCP,951,2494,0,1,19-26;28-31,27+33-37+0-16+32+17-18
NCP,956,2499,0,1,0-25,84-166+26-83
NCP,957,2500,1,1,0-23,
NCP,958,2501,0,1,0;3;6;9;12;15;18;21;24;27;30;33;36;39;42;45;48;51;54;57;60;63;66;69;72;75;78;81;84;87;90;93;96;99;102;105;108;111;114;121;124;127;130;86;89;92;95;98;101;104;107;110;113;115;119,120-132+0-119
NCP,962,2505,1,0,,35-37+0-34
NCP,963,2506,1,0,,15-20+0-14
NCP,966,2509,1,1,226-278,
NCP,967,2510,1,0,,
NCP,968,2511,1,1,0-3,
NCP,969,2512,0,0,,
NCP,970,2513,0,0,,
NCP,971,2514,0,0,,
NCP,972,2515,0,1,0-57,
NCP,973,2516,1,1,0-2,
NCP,977,2521,1,1,226-274;0-7,
NCP,979,2523,1,1,0-58,
NCP,981,2525,1,0,,
NCP,981,2526,1,0,,
NCP,982,2527,1,1,212-264,
NCP,983,2528,0,0,,
NCP,984,2529,0,1,10;21;32;43;54;65;76;87;109-110;121;132;143;154;165;181;192;203;214;225;236;247;258,176-257+0-175
NCP,984,2530,0,1,10;21;32;43;54;65;76;87;109-110;121;132;143;154;163;174;185;196;207;218;229;240,157-239+0-156
NCP,987,2536,1,0,,
NCP,987,2537,1,0,,
NCP,988,2538,1,0,,
NCP,988,2539,1,0,,
NCP,990,2543,1,0,,43+54+58-61+0-42+44-53+55-57
NCP,992,2545,1,0,,
NCP,993,2546,1,0,,
NCP,994,2547,1,1,13;24;35;46;57;68;79;90;101;112-113;124;135;149;160;171;182;193;204;215;0-2,142-225+3-141
NCP,994,2548,1,1,13;24;35;46;57;68;79;90;101;112-113;124;135;0-2;149;160;171;182;193;204;215,142-225+3-141
NCP,996,2551,1,1,0-53;64;75;86;101;112;123;134;145;156;167;178,95-188+54-94
NCP,996,2552,1,1,0-55;127,136-217+56-126
NCP,997,2553,1,0,,
NCP,997,2554,1,0,,
NCP,998,2555,1,0,,
NCP,999,2556,1,0,,38-40+0-37
NCP,1000,2558,1,0,,
NCP,1001,2559,0,0,,72-140+0-71
NCP,1002,2561,0,0,,30+41+52+55-57+0-29+31-40+42-51+53-54
NCP,1006,2566,1,0,,
NCP,1006,2567,1,0,,
NCP,1009,2570,0,1,discard,
NCP,1009,2571,0,1,discard,
NCP,1010,2572,0,1,10;21;32;125;103;114,36-124+0-35
NCP,1010,2573,0,0,,45-125+0-44
NCP,1011,2574,0,1,10;21;105;116,27-115+0-26
NCP,1011,2575,0,0,,10+21+23-110+0-9+11-20+22
NCP,1012,2576,0,1,231-248,
NCP,1013,2577,0,1,0-36;478-523,
NCP,1015,2579,1,0,,
NCP,1016,2580,1,0,,
NCP,1016,2581,1,0,,
NCP,1016,2582,1,0,,
NCP,1020,2586,0,1,24-25;36-44,
NCP,1021,2587,0,1,0-28;39;50;61;72;83;94;105;189;200,116-199+29-115
NCP,1021,2588,0,1,0-29,131-208+30-130
NCP,1021,2589,0,1,0-26,105-182+27-104
NCP,1021,2590,0,1,0-27,98-180+28-97
NCP,1025,2595,1,1,0-50,
NCP,1026,2596,0,0,,15-20+0-14
NCP,1028,2598,1,1,117-146,
NCP,1029,2599,1,0,,
NCP,1030,2600,0,0,,
NCP,1031,2601,1,0,,156-215+0-155
NCP,1031,2602,1,0,,180-230+0-179
NCP,1033,2604,0,0,,36-38+0-35
NCP,1034,2605,1,0,,
NCP,1037,2608,0,1,12;23;26-31,
NCP,1039,2610,0,0,,
NCP,1040,2611,0,1,24;35;46;57;79;68;90;101;112,15-111+0-14
NCP,1041,2612,0,1,10;21;36;47;58;69;80;91;102;113;124-125,28-123+0-27
NCP,1042,2613,0,1,0-23;54;65;76;87;98;109;120;131;142,45-141+24-44
NCP,1042,2614,0,1,0-44;54;65;76;87;98;109;120;131;142,45-141
NCP,1043,2615,1,0,,47-49+1-46
NCP,1045,2617,1,0,,28-29+0-27
NCP,1048,2620,1,0,,
NCP,1048,2621,1,0,,
NCP,1049,2622,0,1,79;90;101;112;1297,129-204+0-128
NCP,1050,2623,1,0,,
NCP,1050,2624,1,0,,
NCP,1051,2625,0,0,,78-87+0-77
NCP,1051,2626,0,1,11;22;33;44;55;66;77;88-168,169-177+0-87
NCP,1058,2635,1,0,,47-50+0-45
NCP,1059,2636,1,0,,49-51+0-48
NCP,1060,2637,1,0,,
NCP,1061,2638,1,0,,
NCP,1062,2639,1,1,95-175,
NCP,1063,2640,1,0,,
NCP,2671,2691,1,0,,
Normal,742,177,0,1,0-49,
Normal,743,178,0,1,0-137,
Normal,744,179,0,1,0-104,
Normal,745,180,0,0,,
Normal,746,181,0,0,,
Normal,747,182,0,0,,
Normal,748,183,0,1,0-97,
Normal,749,184,0,1,0-43,
Normal,750,185,0,1,0-104,
Normal,751,186,0,1,0-58,
Normal,752,187,0,1,0-51,
Normal,753,188,0,1,0-111,
Normal,754,189,0,1,0-115,
Normal,755,190,0,1,0-56,
Normal,756,191,0,1,0-56,
Normal,757,192,0,1,0-55,
Normal,758,193,0,1,0-60,
Normal,759,194,0,1,0-111,
Normal,760,195,0,1,0-61,
Normal,761,196,0,1,0-59,
Normal,762,197,0,1,0-51,
Normal,763,198,0,1,0-65,
Normal,764,199,0,1,68-135,
Normal,765,200,0,1,0-67,
Normal,766,201,0,1,0-46,
Normal,767,202,0,1,0-133,
Normal,768,203,0,1,0-64,
Normal,769,204,0,1,69-137,
Normal,770,205,0,1,0-57,
Normal,771,206,0,1,0-112,
Normal,772,207,0,1,0-135,
Normal,773,208,0,1,0-119,
Normal,774,209,0,1,67-133,
Normal,775,210,0,1,67-133,
Normal,776,211,0,1,0-130,
Normal,777,212,0,1,42-82,
Normal,778,213,0,1,57-113,
Normal,779,214,0,1,0-108,
Normal,780,215,0,1,58-115,
Normal,781,216,0,1,0-58,
Normal,782,217,0,1,0-127,
Normal,783,218,0,1,0-58,
Normal,784,219,0,1,0-52,
Normal,785,220,0,1,0-107,
Normal,786,221,0,1,0-61,
Normal,787,222,0,1,0-119,
Normal,788,223,0,1,0-139,
Normal,789,224,0,1,0-59,
Normal,790,225,0,1,0-62,
Normal,791,226,0,1,0-68,
Normal,792,227,0,1,0-53,
Normal,793,228,0,1,0-46,
Normal,794,229,0,1,0-136,
Normal,795,230,0,1,60-119,
Normal,796,231,0,1,0-107,
Normal,797,232,0,1,56-111,
Normal,798,233,0,1,0-60,
Normal,799,234,0,1,0-58,
Normal,800,235,0,1,58-115,
Normal,801,236,0,1,53-106,
Normal,802,237,0,1,0-111,
Normal,803,238,0,1,0-127,
Normal,804,239,0,1,0-135,
Normal,805,240,0,1,0-121,
Normal,806,241,0,1,0-54,
Normal,807,242,0,1,66-131,
Normal,808,243,0,1,67-133,
Normal,809,244,0,1,57-113,
Normal,810,245,0,1,0-121,
Normal,811,246,0,1,0-61,
Normal,812,247,0,1,63-125,
Normal,813,248,0,1,0-67,
Normal,815,250,0,1,60-119,
Normal,1675,813,0,0,,
Normal,1675,814,0,0,,
Normal,1675,815,0,0,,
Normal,1682,846,0,0,,
Normal,1682,849,0,0,,
Normal,1682,850,0,0,,
Normal,1682,851,0,0,,
Normal,1682,854,0,0,,
Normal,1682,855,0,0,,
Normal,1682,856,0,0,,
Normal,1682,859,0,0,,
Normal,1682,860,0,0,,
Normal,1683,863,0,0,,
Normal,1683,866,0,0,,
Normal,1683,867,0,0,,
Normal,1684,872,0,0,,
Normal,1684,876,0,0,,
Normal,1796,251,1,0,,
Normal,1797,252,1,0,,
Normal,1798,253,1,0,,
Normal,1799,254,1,0,,
Normal,1800,255,1,0,,
Normal,1801,256,1,0,,
Normal,1802,257,1,0,,
Normal,1803,258,1,0,,
Normal,1804,259,1,0,,
Normal,1805,260,1,0,,
Normal,1806,261,1,0,,
Normal,1807,262,1,0,,
Normal,1808,263,1,0,,
Normal,1809,264,1,0,,
Normal,1810,265,1,0,,
Normal,1811,266,1,0,,
Normal,1812,267,1,0,,
Normal,1813,268,1,0,,
Normal,1814,269,1,0,,
Normal,1815,270,1,0,,
Normal,1816,271,1,0,,
Normal,1817,272,1,0,,
Normal,1818,273,1,0,,
Normal,1819,274,1,0,,
Normal,1820,275,1,0,,
Normal,1821,276,1,0,,
Normal,1822,277,1,0,,
Normal,1823,278,1,0,,
Normal,1824,279,1,0,,
Normal,1825,280,1,0,,
Normal,1826,281,1,0,,
Normal,1827,282,1,0,,
Normal,1828,283,1,0,,
Normal,1829,284,1,0,,
Normal,1830,285,1,0,,
Normal,1831,286,1,0,,
Normal,1832,287,1,0,,
Normal,1833,288,1,0,,
Normal,1834,289,1,0,,
Normal,1835,290,1,0,,
Normal,1836,291,1,0,,
Normal,1837,292,1,0,,
Normal,1838,293,1,0,,
Normal,1839,294,1,0,,
Normal,1840,295,1,0,,
Normal,1841,296,1,0,,
Normal,1842,297,1,0,,
Normal,1843,298,1,0,,
Normal,1844,299,1,0,,
Normal,1845,300,1,0,,
Normal,1846,301,1,0,,
Normal,1847,302,1,0,,
Normal,1848,303,1,0,,
Normal,1849,304,1,0,,
Normal,1850,305,1,0,,
Normal,1851,306,1,0,,
Normal,1852,307,1,0,,
Normal,1853,308,1,0,,
Normal,1854,309,1,0,,
Normal,1855,310,1,0,,
Normal,1856,311,1,0,,
Normal,1857,312,1,0,,
Normal,1858,313,1,0,,
Normal,1859,314,1,0,,
Normal,1860,315,1,0,,
Normal,1861,316,1,0,,
Normal,1862,317,1,0,,
Normal,1863,318,1,0,,
Normal,1864,319,1,0,,
Normal,1865,320,1,0,,
Normal,1866,321,1,0,,
Normal,1867,322,1,0,,
Normal,1868,323,1,0,,
Normal,1869,324,1,0,,
Normal,1870,325,1,0,,
Normal,1871,326,1,0,,
Normal,1872,327,1,0,,
Normal,1873,328,1,0,,
Normal,1874,329,1,0,,
Normal,1875,330,1,0,,
Normal,1876,331,1,0,,
Normal,1877,332,1,0,,
Normal,1878,333,1,0,,
Normal,1879,334,1,0,,
Normal,1880,335,1,0,,
Normal,1881,336,1,0,,
Normal,1882,337,1,0,,
Normal,1883,338,1,0,,
Normal,1884,339,1,0,,
Normal,1885,340,1,0,,
Normal,1886,341,1,0,,
Normal,1887,342,1,0,,
Normal,1888,343,1,0,,
Normal,1889,344,1,0,,
Normal,1890,345,1,0,,
Normal,1891,346,1,0,,
Normal,1892,347,1,0,,
Normal,1893,348,1,0,,
Normal,1894,349,1,0,,
Normal,1895,350,1,0,,
Normal,1896,351,1,0,,
Normal,1897,352,1,0,,
Normal,1898,353,1,0,,
Normal,1899,354,1,0,,
Normal,1900,355,1,0,,
Normal,1901,356,1,0,,
Normal,1902,357,1,0,,
Normal,1903,358,1,0,,
Normal,1904,359,1,0,,
Normal,1905,360,1,0,,
Normal,1906,361,1,0,,
Normal,1907,362,1,0,,
Normal,1908,363,1,0,,
Normal,1909,364,1,0,,
Normal,1910,365,1,0,,
Normal,1911,366,1,0,,
Normal,1912,367,1,0,,
Normal,1913,368,1,0,,
Normal,1914,369,1,0,,
Normal,1915,370,1,0,,
Normal,1916,371,1,0,,
Normal,1917,372,1,0,,
Normal,1918,373,1,0,,
Normal,1919,374,1,0,,
Normal,1920,375,1,0,,
Normal,1921,376,1,0,,
Normal,1922,377,1,0,,
Normal,1924,379,1,0,,
Normal,1925,380,1,0,,
Normal,1926,381,1,0,,
Normal,1927,382,1,0,,
Normal,1928,383,1,0,,
Normal,1929,384,1,0,,
Normal,1930,385,1,0,,
Normal,1931,386,1,0,,
Normal,1932,387,1,0,,
Normal,1933,388,1,0,,
Normal,1934,389,1,0,,
Normal,1935,390,1,0,,
Normal,1936,391,1,0,,
Normal,1937,392,1,0,,
Normal,1938,393,1,0,,
Normal,1939,394,1,0,,
Normal,1940,395,1,0,,
Normal,1941,396,1,0,,
Normal,1942,397,1,0,,
Normal,1943,398,1,0,,
Normal,1944,399,1,0,,
Normal,1945,400,1,0,,
Normal,1946,401,1,0,,
Normal,1947,402,1,0,,
Normal,1948,403,1,0,,
Normal,1949,404,1,0,,
Normal,1950,405,1,0,,
Normal,1951,406,1,0,,
Normal,1952,407,1,0,,
Normal,1953,408,1,0,,
Normal,1954,409,1,0,,
Normal,1955,410,1,0,,
Normal,1956,411,1,0,,
Normal,1957,412,1,0,,
Normal,1958,413,1,0,,
Normal,1959,414,1,0,,
Normal,1960,415,1,0,,
Normal,1961,416,1,0,,
Normal,1962,417,1,0,,
Normal,1963,418,1,0,,
Normal,1964,419,1,0,,
Normal,1965,420,1,0,,
Normal,1966,421,1,0,,
Normal,1967,422,1,0,,
Normal,1968,423,1,0,,
Normal,1969,424,1,0,,
Normal,1970,425,1,0,,
Normal,1971,426,1,0,,
Normal,1972,427,1,0,,
Normal,1973,428,1,0,,
Normal,1974,429,1,0,,
Normal,1975,430,1,0,,
Normal,1976,431,1,0,,
Normal,1977,432,1,0,,
Normal,1978,433,1,0,,
Normal,1979,434,1,0,,
Normal,1980,435,1,0,,
Normal,1981,436,1,0,,
Normal,1982,437,1,0,,
Normal,1983,438,1,0,,
Normal,1984,439,1,0,,
Normal,1985,440,1,0,,
Normal,1986,441,1,0,,
Normal,1988,443,1,0,,
Normal,1989,444,1,0,,
Normal,1990,445,1,0,,
Normal,1991,446,1,0,,
Normal,1992,447,1,0,,
Normal,1993,448,1,0,,
Normal,1994,449,1,0,,
Normal,1995,450,1,0,,
Normal,1996,451,1,0,,
Normal,1997,452,1,0,,
Normal,1998,453,1,0,,
Normal,1999,454,1,0,,
Normal,2000,455,1,0,,
Normal,2001,456,1,0,,
Normal,2002,457,1,0,,
Normal,2003,458,1,0,,
Normal,2004,459,1,0,,
Normal,2005,460,1,0,,
Normal,2006,461,1,0,,
Normal,2007,462,1,0,,
Normal,2008,463,1,0,,
Normal,2009,464,1,0,,
Normal,2010,465,1,0,,
Normal,2011,466,1,0,,
Normal,2012,467,1,0,,
Normal,2013,468,1,0,,
Normal,2014,469,1,0,,
Normal,2015,470,1,0,,
Normal,2016,471,1,0,,
Normal,2017,472,1,0,,
Normal,2018,473,1,0,,
Normal,2019,474,1,0,,
Normal,2020,475,1,0,,
Normal,2021,476,1,0,,
Normal,2022,477,1,0,,
Normal,2023,478,1,0,,
Normal,2024,479,1,0,,
Normal,2025,480,1,0,,
Normal,2026,481,1,0,,
Normal,2027,482,1,0,,
Normal,2028,483,1,0,,
Normal,2029,484,1,0,,
Normal,2030,485,1,0,,
Normal,2031,486,1,0,,
Normal,2032,487,1,0,,
Normal,2033,488,1,0,,
Normal,2034,489,1,0,,
Normal,2035,490,1,0,,
Normal,2036,491,1,0,,
Normal,2037,492,1,0,,
Normal,2038,493,1,0,,
Normal,2039,494,1,0,,
Normal,2040,495,1,0,,
Normal,2041,496,1,0,,
Normal,2042,497,1,0,,
Normal,2043,498,1,0,,
Normal,2044,499,1,0,,
Normal,2045,500,1,0,,
Normal,2046,501,1,0,,
Normal,2047,502,1,0,,
Normal,2048,503,1,0,,
Normal,2049,504,1,0,,
Normal,2050,505,1,0,,
Normal,2051,506,1,0,,
Normal,2052,507,1,0,,
Normal,2053,508,1,0,,
Normal,2054,509,1,0,,
Normal,2055,510,1,0,,
Normal,2056,511,1,0,,
Normal,2057,512,1,0,,
Normal,2058,513,1,0,,
Normal,2059,514,1,0,,
Normal,2060,515,1,0,,
Normal,2061,516,1,0,,
Normal,2062,517,1,0,,
Normal,2063,518,1,0,,
Normal,2064,519,1,0,,
Normal,2065,520,1,0,,
Normal,2066,521,1,0,,
Normal,2067,522,1,0,,
Normal,2068,523,1,0,,
Normal,2069,524,1,0,,
Normal,2070,525,1,0,,
Normal,2071,526,1,0,,
Normal,2072,527,1,0,,
Normal,2073,528,1,0,,
Normal,2074,529,1,0,,
Normal,2075,530,1,0,,
Normal,2076,531,1,0,,
Normal,2077,532,1,0,,
Normal,2078,533,1,0,,
Normal,2079,534,1,0,,
Normal,2080,535,1,0,,
Normal,2081,536,1,0,,
Normal,2082,537,1,0,,
Normal,2083,538,1,0,,
Normal,2084,539,1,0,,
Normal,2085,540,1,0,,
Normal,2086,541,1,0,,
Normal,2087,542,1,0,,
Normal,2088,543,1,0,,
Normal,2089,544,1,0,,
Normal,2090,545,1,0,,
Normal,2091,546,1,0,,
Normal,2092,547,1,0,,
Normal,2093,548,1,0,,
Normal,2094,549,1,0,,
Normal,2095,550,1,0,,
Normal,2096,551,1,0,,
Normal,2097,552,1,0,,
Normal,2098,553,1,0,,
Normal,2099,554,1,0,,
Normal,2100,555,1,0,,
Normal,2101,556,1,0,,
Normal,2102,557,1,0,,
Normal,2103,558,1,0,,
Normal,2104,559,1,0,,
Normal,2105,560,1,0,,
Normal,2106,561,1,0,,
Normal,2107,562,1,0,,
Normal,2108,563,1,0,,
Normal,2109,564,1,0,,
Normal,2110,565,1,0,,
Normal,2111,566,1,0,,
Normal,2112,567,1,0,,
Normal,2113,568,1,0,,
Normal,2114,569,1,0,,
Normal,2115,570,1,0,,
Normal,2116,571,1,0,,
Normal,2117,572,1,0,,
Normal,2118,573,1,0,,
Normal,2119,574,1,0,,
Normal,2120,575,1,0,,
Normal,2121,576,1,0,,
Normal,2122,577,1,0,,
Normal,2123,578,1,0,,
Normal,2124,579,1,0,,
Normal,2125,580,1,0,,
Normal,2126,581,1,0,,
Normal,2127,582,1,0,,
Normal,2128,583,1,0,,
Normal,2129,584,1,0,,
Normal,2130,585,1,0,,
Normal,2131,586,1,0,,
Normal,2132,587,1,0,,
Normal,2133,588,1,0,,
Normal,2134,589,1,0,,
Normal,2136,591,1,0,,
Normal,2137,592,1,0,,
Normal,2138,593,1,0,,
Normal,2139,594,1,0,,
Normal,2140,595,1,0,,
Normal,2141,596,1,0,,
Normal,2142,597,1,0,,
Normal,2143,598,1,0,,
Normal,2145,600,1,0,,
Normal,2147,602,1,0,,
Normal,2148,603,1,0,,
Normal,2149,604,1,0,,
Normal,2150,605,1,0,,
Normal,2151,606,1,0,,
Normal,2152,607,1,0,,
Normal,2153,608,1,0,,
Normal,2154,609,1,0,,
Normal,2155,610,1,0,,
Normal,2156,611,1,0,,
Normal,2157,612,1,0,,
Normal,2158,613,1,0,,
Normal,2159,614,1,0,,
Normal,2160,615,1,0,,
Normal,2161,616,1,0,,
Normal,2162,617,1,0,,
Normal,2163,618,1,0,,
Normal,2164,619,1,0,,
Normal,2165,620,1,0,,
Normal,2166,621,1,0,,
Normal,2167,622,1,0,,
Normal,2168,623,1,0,,
Normal,2169,624,1,0,,
Normal,2170,625,1,0,,
Normal,2171,626,1,0,,
Normal,2172,627,1,0,,
Normal,2173,628,1,0,,
Normal,2174,629,1,0,,
Normal,2175,630,1,0,,
Normal,2176,631,1,0,,
Normal,2177,632,1,0,,
Normal,2178,633,1,0,,
Normal,2179,634,1,0,,
Normal,2180,635,1,0,,
Normal,2181,636,1,0,,
Normal,2182,637,1,0,,
Normal,2183,638,1,0,,
Normal,2184,639,1,0,,
Normal,2185,640,1,0,,
Normal,2186,641,1,0,,
Normal,2187,642,1,0,,
Normal,2188,643,1,0,,
Normal,2189,644,1,0,,
Normal,2190,645,1,0,,
Normal,2191,646,1,0,,
Normal,2192,647,1,0,,
Normal,2193,648,1,0,,
Normal,2194,649,1,0,,
Normal,2195,650,1,0,,
Normal,2196,651,1,0,,
Normal,2197,652,1,0,,
Normal,2198,653,1,0,,
Normal,2199,654,1,0,,
Normal,2200,655,1,0,,
Normal,2201,656,1,0,,
Normal,2202,657,1,0,,
Normal,2203,658,1,0,,
Normal,2204,659,1,0,,
Normal,2205,660,1,0,,
Normal,2206,661,1,0,,
Normal,2207,662,1,0,,
Normal,2208,663,1,0,,
Normal,2209,664,1,0,,
Normal,2210,665,1,0,,
Normal,2211,666,1,0,,
Normal,2212,667,1,0,,
Normal,2213,668,1,0,,
Normal,2214,669,1,0,,
Normal,2215,670,1,0,,
Normal,2216,671,1,0,,
Normal,2217,672,1,0,,
Normal,2218,673,1,0,,
Normal,2219,674,1,0,,
Normal,2220,675,1,0,,
Normal,2221,676,1,0,,
Normal,2222,677,1,0,,
Normal,2223,678,1,0,,
Normal,2224,679,1,0,,
Normal,2225,680,1,0,,
Normal,2226,681,1,0,,
Normal,2227,682,1,0,,
Normal,2228,683,1,0,,
Normal,2229,684,1,0,,
Normal,2230,685,1,0,,
Normal,2231,686,1,0,,
Normal,2232,687,1,0,,
Normal,2233,688,1,0,,
Normal,2234,689,1,0,,
Normal,2235,690,1,0,,
Normal,2236,691,1,0,,
Normal,2237,692,1,0,,
Normal,2238,693,1,0,,
Normal,2239,694,1,0,,
Normal,2240,695,1,0,,
Normal,2241,696,1,0,,
Normal,2242,697,1,0,,
Normal,2243,698,1,0,,
Normal,2244,699,1,0,,
Normal,2245,700,1,0,,
Normal,2246,701,1,0,,
Normal,2247,702,1,0,,
Normal,2248,703,1,0,,
Normal,2249,704,1,0,,
Normal,2250,705,1,0,,
Normal,2251,706,1,0,,
Normal,2252,707,1,0,,
Normal,2253,708,1,0,,
Normal,2254,709,1,0,,
Normal,2255,710,1,0,,
Normal,2256,711,1,0,,
Normal,2257,712,1,0,,
Normal,2258,713,1,0,,
Normal,2259,714,1,0,,
Normal,2261,716,1,0,,
Normal,2262,717,1,0,,
Normal,2263,718,1,0,,
Normal,2264,719,1,0,,
Normal,2265,720,1,0,,
Normal,2266,721,1,0,,
Normal,2267,722,1,0,,
Normal,2268,723,1,0,,
Normal,2269,724,1,0,,
Normal,2270,725,1,0,,
Normal,2271,726,1,0,,
Normal,2272,727,1,0,,
Normal,2273,728,1,0,,
Normal,2274,729,1,0,,
Normal,2275,730,1,0,,
Normal,2276,731,1,0,,
Normal,2277,732,1,0,,
Normal,2278,733,1,0,,
Normal,2279,734,1,0,,
Normal,2280,735,1,0,,
Normal,2281,736,1,0,,
Normal,2282,737,1,0,,
Normal,2283,738,1,0,,
Normal,2284,739,1,0,,
Normal,2285,740,1,0,,
Normal,2286,741,1,0,,
Normal,2287,742,1,0,,
Normal,2288,743,1,0,,
Normal,2289,744,1,0,,
Normal,2290,745,1,0,,
Normal,2291,746,1,0,,
Normal,2292,747,1,0,,
Normal,2293,748,1,0,,
Normal,2294,749,1,0,,
Normal,2295,750,1,0,,
Normal,2296,751,1,0,,
Normal,2297,752,1,0,,
Normal,2298,753,1,0,,
Normal,2299,754,1,0,,
Normal,2300,755,1,0,,
Normal,2301,756,1,0,,
Normal,2302,757,1,0,,
Normal,2303,758,1,0,,
Normal,2304,759,1,0,,
Normal,2305,760,1,0,,
Normal,2306,761,1,0,,
Normal,2307,762,1,0,,
Normal,2308,763,1,0,,
Normal,2309,764,1,0,,
Normal,2310,765,1,0,,
Normal,2311,766,1,0,,
Normal,2312,767,1,0,,
Normal,2313,768,1,0,,
Normal,2314,769,1,0,,
Normal,2315,770,1,0,,
Normal,2316,771,1,0,,
Normal,2317,772,1,0,,
Normal,2318,773,1,0,,
Normal,2319,774,1,0,,
Normal,2320,775,1,0,,
Normal,2321,776,1,0,,
Normal,2322,777,1,0,,
Normal,2580,90,1,0,,
Normal,2581,91,1,0,,
Normal,2582,92,1,0,,
Normal,2583,93,1,0,,
Normal,2584,94,1,0,,
Normal,2585,95,1,0,,
Normal,2586,96,1,0,,
Normal,2587,97,1,0,,
Normal,2588,98,1,0,,
Normal,2589,99,1,0,,
Normal,2590,100,1,0,,
Normal,2591,101,1,0,,
Normal,2592,102,1,0,,
Normal,2593,103,1,0,,
Normal,2594,104,1,0,,
Normal,2595,105,1,0,,
Normal,2596,106,1,0,,
Normal,2597,107,1,0,,
Normal,2598,108,1,0,,
Normal,2599,109,1,0,,
Normal,2600,110,1,0,,
Normal,2601,111,1,0,,
Normal,2602,112,1,0,,
Normal,2603,113,1,0,,
Normal,2604,114,1,0,,
Normal,2605,115,1,0,,
Normal,2606,116,1,0,,
Normal,2607,117,1,0,,
Normal,2608,118,1,0,,
Normal,2609,119,1,0,,
Normal,2610,120,1,0,,
Normal,2612,122,1,0,,
Normal,2613,123,1,0,,
Normal,2614,124,1,0,,
Normal,2615,125,1,0,,
Normal,2616,126,1,0,,
Normal,2618,128,1,0,,
Normal,2619,129,1,0,,
Normal,2620,130,1,0,,
Normal,2621,131,1,0,,
Normal,2622,132,1,0,,
Normal,2623,133,1,0,,
Normal,2624,134,1,0,,
Normal,2625,135,1,0,,
Normal,2626,136,1,0,,
Normal,2627,137,1,0,,
Normal,2628,138,1,0,,
Normal,2629,139,1,0,,
Normal,2630,140,1,0,,
Normal,2631,141,1,0,,
Normal,2632,142,1,0,,
Normal,2633,143,1,0,,
Normal,2634,144,1,0,,
Normal,2635,145,1,0,,
Normal,2636,146,1,0,,
Normal,2637,147,1,0,,
Normal,2638,148,1,0,,
Normal,2639,149,1,0,,
Normal,2640,150,1,0,,
Normal,2641,151,1,0,,
Normal,2642,152,1,0,,
Normal,2643,153,1,0,,
Normal,2644,154,1,0,,
Normal,2645,155,1,0,,
Normal,2646,156,1,0,,
Normal,2647,157,1,0,,
Normal,2648,158,1,0,,
Normal,2649,159,1,0,,
Normal,2650,160,1,0,,
Normal,2651,161,1,0,,
Normal,2652,162,1,0,,
Normal,2653,163,1,0,,
Normal,2654,164,1,0,,
Normal,2655,165,1,0,,
Normal,2656,166,1,0,,
Normal,2657,167,1,0,,
Normal,2658,168,1,0,,
Normal,2659,169,1,0,,
Normal,2660,170,1,0,,
Normal,2661,171,1,0,,
Normal,2662,172,1,0,,
Normal,2663,173,1,0,,
Normal,2664,174,1,0,,
Normal,2665,175,1,0,,
Normal,2666,176,1,0,,
CP,1065,3104,0,0,,
CP,1066,3105,0,0,,
CP,1067,3106,0,0,,
CP,1068,3107,0,0,,
CP,1069,3108,0,0,,
CP,1069,3109,0,0,,
CP,1069,3110,0,0,,
CP,1069,3111,0,0,,
CP,1070,3112,0,0,,
CP,1071,3113,0,0,,
CP,1071,3114,0,0,,
CP,1072,3115,0,0,,
CP,1073,3116,0,0,,
CP,1074,3117,0,0,,
CP,1075,3118,0,0,,
CP,1075,3119,0,0,,
CP,1076,3120,0,0,,
CP,1077,3121,0,0,,
CP,1077,3122,0,0,,
CP,1078,3123,0,0,,
CP,1079,3124,0,0,,
CP,1080,3125,0,0,,
CP,1081,3126,0,0,,
CP,1082,3127,0,0,,
CP,1083,3128,0,0,,
CP,1083,3129,0,0,,
CP,1084,3130,0,0,,
CP,1089,3224,1,1,0-47,
CP,1781,3567,1,0,,
CP,1781,3572,1,0,,
CP,2463,3227,1,0,,
CP,2464,3228,1,0,,
